Name	Radius		Day		GM			SOI		Atmo
%%%%%%%%%%%%%%%%%%%%%%%%%%%%%%%%%%%%%%%%%%%%%%%%%%%%%%%%%%%%%%%%%%%%%%%%%%%%%%%%%%%%%%%%%%%%%%%%%%%%%%%%%%%%%%
Earth	6371000.00	86164.098903691	398600441800000.000	923795000.000	180000.000
Moon	1737100.00	2360584.6847999	4902800000000.000	66009800.000	0.000
%%%%%%%%%%%%%%%%%%%%%%%%%%%%%%%%%%%%%%%%%%%%%%%%%%%%%%%%%%%%%%%%%%%%%%%%%%%%%%%%%%%%%%%%%%%%%%%%%%%%%%%%%%%%%%
%%% Original Planets from here down ...
%%% Values from https://wiki.kerbalspaceprogram.com/wiki/User:Craftsman
%%%%%%%%%%%%%%%%%%%%%%%%%%%%%%%%%%%%%%%%%%%%%%%%%%%%%%%%%%%%%%%%%%%%%%%%%%%%%%%%%%%%%%%%%%%%%%%%%%%%%%%%%%%%%%
Kerbol	26160000.00	432000.000	1172332800000000000.000	999999999999.00	0.000
%%%%%%%%%%%%%%%%%%%%%%%%%%%%%%%%%%%%%%%%%%%%%%%%%%%%%%%%%%%%%%%%%%%%%%%%%%%%%%%%%%%%%%%%%%%%%%%%%%%%%%%%%%%%%%
Moho	250000.000	1210000.000	168609378654.510	9646663.023	0.000
%%%%%%%%%%%%%%%%%%%%%%%%%%%%%%%%%%%%%%%%%%%%%%%%%%%%%%%%%%%%%%%%%%%%%%%%%%%%%%%%%%%%%%%%%%%%%%%%%%%%%%%%%%%%%%
Eve	700000.000	80500.000	8171730229210.800	85109364.738	90000.000
Gilly	13000.000	28255.000	8289449.81500000	126123.272	0.000
%%%%%%%%%%%%%%%%%%%%%%%%%%%%%%%%%%%%%%%%%%%%%%%%%%%%%%%%%%%%%%%%%%%%%%%%%%%%%%%%%%%%%%%%%%%%%%%%%%%%%%%%%%%%%%
Kerbin	600000.000	21549.425	3531600000000.000	84159286.480	70000.000
Mun	200000.000	138984.377	65138397520.7810	2429559.117	0.000
Minmus	60000.000	40400.000	1765800026.31200	2247428.388	0.000
%%%%%%%%%%%%%%%%%%%%%%%%%%%%%%%%%%%%%%%%%%%%%%%%%%%%%%%%%%%%%%%%%%%%%%%%%%%%%%%%%%%%%%%%%%%%%%%%%%%%%%%%%%%%%%
Duna	320000.000	65517.859	301363211975.100	47921949.370	50000.000
Ike	130000.000	65517.862	18568368573.1440	1049598.939	0.000
%%%%%%%%%%%%%%%%%%%%%%%%%%%%%%%%%%%%%%%%%%%%%%%%%%%%%%%%%%%%%%%%%%%%%%%%%%%%%%%%%%%%%%%%%%%%%%%%%%%%%%%%%%%%%%
Dres	138000.000	34800.000	21484488600.0000	32832839.577	0.000
%%%%%%%%%%%%%%%%%%%%%%%%%%%%%%%%%%%%%%%%%%%%%%%%%%%%%%%%%%%%%%%%%%%%%%%%%%%%%%%%%%%%%%%%%%%%%%%%%%%%%%%%%%%%%%
Jool	6000000.000	36000.000	282528004209990.000	2455985185.423	200000.000
Laythe	500000.000	52980.879	1962000029236.100	3723645.811	50000.000
Vall	300000.000	105962.089	207481499473.750	2406401.445	0.000
Tylo	600000.000	211926.358	2825280042099.900	10856518.368	0.000
Bop	65000.000	544507.429	2486834944.41005	1221060.863	0.000
Pol	44000.000	901902.624	721702080.000000	1042138.892	0.000
%%%%%%%%%%%%%%%%%%%%%%%%%%%%%%%%%%%%%%%%%%%%%%%%%%%%%%%%%%%%%%%%%%%%%%%%%%%%%%%%%%%%%%%%%%%%%%%%%%%%%%%%%%%%%%
Eeloo	210000.000	19460.000	74410814527.0520	119082941.648	0.000
%%%%%%%%%%%%%%%%%%%%%%%%%%%%%%%%%%%%%%%%%%%%%%%%%%%%%%%%%%%%%%%%%%%%%%%%%%%%%%%%%%%%%%%%%%%%%%%%%%%%%%%%%%%%%%
%%%	Kcalbeloh	HAS	NEGATIVE	DAY	RADIUS	DAY	ATMO	GAS	GAINT	WRONG	SOI	DATA?
%%%%%%%%%%%%%%%%%%%%%%%%%%%%%%%%%%%%%%%%%%%%%%%%%%%%%%%%%%%%%%%%%%%%%%%%%%%%%%%%%%%%%%%%%%%%%%%%%%%%%%%%%%%%%%
Ahtpan	380000.000	46870.000	144460461600000.000	53693155719903.800	65000.000
Anehta	8000000.000	40000.000	685207771360000.000	407799993759218000.000	225000.000
Anneleg	508000.000	1309359.522	123214521.000	2557552167602710.000	436000.000
Arorua	720000.000	749402.741	7035934026240.000	22256933.3499811	0.000
Dipuc	180000.000	109120.242	47660319000.000	47660319000.000	0.000
Efil	450000.000		52856.806	1426433630737.500	3085033.209	72000.000
Elad	520000.000	408005.827	1935754256800.000	13614747.850	0.000
Enots	18000.000	18259.000	143492720	30909.298	0.000
Eulb	310000.000	134136.045	226180575600.000	2747711.028	0.000
Iomena	400000.000	747972.123	549172400000.000	9233328.144	80000.000
Mehtna	460000.000	281340.957	1058294441400.000	6080483.626	73000.000
Meiuquer	50000.000	373470.531	980665000.000	449489.316	0.000
Noi	8300.000	18784.000	11546158.400	18425000000.001	0.000
Noira	74000.000	-11715.065	5370121540.000	664191.623	0.000
Norihc	336000.000	54450.000	487137885696.000	8648841.928	42000.000
Noyreg	500000.000	24000.000	1372931000000.000	22706698.009	96000.000
Onrefni	320000.000		612926.755	319737585664.000	3427888.408	0.000
Rouqea	1331340.000	1075902.579	22305876583200.000	27251254.293	80000.000
Sedah	6700000.000	847892.132	41209240441600.000	47021146.797	291000.000
Sera	690000.000	36373.414	5042461750200.000	80510513.866	71000.000
Simeht	4000000	46140.977	144460461600000.000	12000000.000	177000.000
Simetra	4800000	46140.977	237917603840000.000	15000000.000	190000.000
Suluco	520000.000	2640461.115	2253960436000.000	31359322.310	65000.000
Tot	3250.000	18425.000	1154615.840	18096.014	0.000
Geet	10630.000	10654.508	42662660.401	21979.957	0.000
Uleg	510000.000	2148570.460	1836510958800.000	6300638211785410.000	46000.000
%%%%%%%%%%%%%%%%%%%%%%%%%%%%%%%%%%%%%%%%%%%%%%%%%%%%%%%%%%%%%%%%%%%%%%%%%%%%%%%%%%%%%%%%%%%%%%%%%%%%%%%%%%%%%%
%%%	Quackpack
%%%%%%%%%%%%%%%%%%%%%%%%%%%%%%%%%%%%%%%%%%%%%%%%%%%%%%%%%%%%%%%%%%%%%%%%%%%%%%%%%%%%%%%%%%%%%%%%%%%%%%%%%%%%%%
Blas	811000.000	61672.000	8778503956368.650	17867618.306	80000.000
Cind	571000.000	86892.322	3648199138793.650	3808573.811	100000.000
Geet	10630.000	10654.508	42662660.401	21979.957	0.000
Jot	8339000.000	77253.000	394845494722672.000	51592036.823	1200000.000
Subon	16000.000	16460.736	104185849.600	32577.972	180000.000
%%%%%%%%%%%%%%%%%%%%%%%%%%%%%%%%%%%%%%%%%%%%%%%%%%%%%%%%%%%%%%%%%%%%%%%%%%%%%%%%%%%%%%%%%%%%%%%%%%%%%%%%%%%%%%
%%%	OPM
%%%%%%%%%%%%%%%%%%%%%%%%%%%%%%%%%%%%%%%%%%%%%%%%%%%%%%%%%%%%%%%%%%%%%%%%%%%%%%%%%%%%%%%%%%%%%%%%%%%%%%%%%%%%%%
Hale	6000.000	23555.313	811990.620	41000	0.000
Karen	85050.000	106327.763	4681804201.247	939354.324	0.000
Neidon	2145000.000	40250.000	14167881530302.500	85109365.000	260000.000
Nissee	30000.000	27924.872	397169325.000	7366476.635	0.000
Ovok	26000.000	29440.147	13258590.800	94000.000	0.000
Plock	189000.000	106309.606	51844895008.200	612762334.800	0.00
Polta	220000.000	73017.110	90181953400.000	1661114.853	0.000
Priax	74000.000	73017.110	3383176570.200	446767.602	0.000
Thatmo	286000.000	306442.674	186097580468.800	5709379.089	35000.000
Slate	540000.000	192771.154	1978856444880.000	9598158.646	0.000
Sarnus	5300000.000	28500.000		82089701953000.000	2740126703.000	580000.000
Tekto	280000.000	666154.482	192440992408.000	8637005.195	95000.000
Urlum	2177000.000	41000.000	11944573769627.500	2562260669.000	325000.000
Tal	22000.000	48874.483	213588837.000	39228.946	0.000
Wal	370000.000	1009410.789	496736242450.000	18933504.68	0.000
%%%%%%%%%%%%%%%%%%%%%%%%%%%%%%%%%%%%%%%%%%%%%%%%%%%%%%%%%%%%%%%%%%%%%%%%%%%%%%%%%%%%%%%%%%%%%%%%%%%%%%%%%%%%%%
%%%	MPE
%%%%%%%%%%%%%%%%%%%%%%%%%%%%%%%%%%%%%%%%%%%%%%%%%%%%%%%%%%%%%%%%%%%%%%%%%%%%%%%%%%%%%%%%%%%%%%%%%%%%%%%%%%%%%%
Archae	55000.000	47031.519	68229767.375	703455.356	0.000
Crokslev	32500.000	15000.000	258956851.562	9442611.111	0.000
Edas	2000.000	14000.000	1015968.940	326426.105	0.000
Ervo	192000.000	28800.000	58564999987.200	204422373.500	0.000
Flake	2000.000	43172.683	11767.980	20000.000	0.000
Geito	1000.000	54000.000	2941.995	221641.751	100000.000
Havous	116666.000	5588.647	19087336454.364	83413960.680	0.000
Kal	3000.000	11797.732	75020.872	20000.000	0.000
Ki'Ki	5320.000	19440.000	444082.769	100000.000	0.000
LintMikey	550.000	18000.000	444.976	35163.704	50000.000
Lon	5000.000	14000.000	490332.500	41357.437	0.000
Mracksis	71500.000	18000.000	6066219621.962	55352117.73	0.000
Soden	61000.000	45000.000	3649054465.000	478525923.359	0.000
Vant	1000.000	20000.000	480525.850	391952.134	0.000
Zore	34500.000	15000.000	571945892.962	8236155.373	0.000
%%%%%%%%%%%%%%%%%%%%%%%%%%%%%%%%%%%%%%%%%%%%%%%%%%%%%%%%%%%%%%%%%%%%%%%%%%%%%%%%%%%%%%%%%%%%%%%%%%%%%%%%%%%%%%
%%%	OWR	NEGATIVE	DAY
%%%%%%%%%%%%%%%%%%%%%%%%%%%%%%%%%%%%%%%%%%%%%%%%%%%%%%%%%%%%%%%%%%%%%%%%%%%%%%%%%%%%%%%%%%%%%%%%%%%%%%%%%%%%%%
C2-1	9150.000	7871.513	34483564.694	30000.000	0.000
C3-1	4000.000	8058.684	1569064.000	14000.000	0.000
C4-1	31500.000	3589174.055	408687235.425	2365733.949	0.000
C4-2	13600.000	348471.296	25393731.776	164468.126	0.000
Crons	330000.000	-232275.920	266986046250.000	5097912.610	20000.000
Disole	252000.000	107819.294	168145605432.000	2876151.653	40000.000
Kevari	222000.000	21101.880	135327062808.000	784960.421	0.000
Nienna	2400000.000	52500.000	42364728000000.000	553972505.800	250000.000
Niko	132000.000	7560.000	20504528352.000	5110959.445	0.000
Pequar	780000.000	43200.000	6563002446000.000	115866312.700	50000.000
Prima	252000.000	56801.500	124552300320.000	1045976.687	0.000
Secunda	222000.000	56801.500	72496640790.000	1473679.064	0.000
Vassa	420000.000	4367598.844	951441183000.000	30774757.390	60000.000
Troni	150000.000	816031.433	37510436250.000	2759383.965	0.000
